mb_rr_mf_distraction_ap- iBIC old:32935.554627022815, new: 32953.1296861126

[32935.554627022815]
current_hyperparms:
[['mf', 'gamma', [1.4102594640827018, 0.5664915147053177]], ['lr_f', 'beta', [0.31841757382051716, 1.2219073075766234]], ['pred_s', 'gamma', [1.1885883988431196, 3.9168797613418613]], ['pred_b', 'gamma', [0.6879215790614137, 4.12888521064257]], ['lr_v', 'beta', [0.5654100569608633, 0.47639766377310505]], ['rew_ch', 'norm', [-0.1623408083275795, 0.9944672538594903]], ['pred_ch', 'norm', [0.5815861894393166, 0.904058140275591]], ['lr_cf', 'beta', [0.30934342005240273, 3.120665776597808]], ['gp_rew', 'beta', [0.5035212569842586, 315.61364487723375]], ['gp_prew', 'beta', [2.091924603491154e-06, 1.0045914232997218e-05]], ['st', 'norm', [0.16531871848782878, 0.5771669402576736]]]
final param info:
[32935.554627022815]

mf beta: mean0.7793289757864267, sd: 0.467602682012929
[0.7368126744307513, 0.6124803382901916, 0.3519804775372247, 0.6437729083216001, 0.3837870675476709, 0.8346269894975828, 0.5550196783047927, 1.4408552069292127, 0.8582209312393209, 0.4856341330155643, 0.36942600356798044, 0.6192610836929485, 0.4979419427621449, 0.1809353793321866, 0.9837233211150771, 0.39532947056130097, 0.5650422521814631, 0.6179327370401732, 0.28563459446369704, 0.7575400150210712, 0.6288710513992677, 0.5498539489278451, 0.3991123682394485, 0.8386969179243924, 0.578895743940623, 0.5148435228807517, 0.2977798099521273, 0.7040995089825693, 0.4361260975167078, 0.4006792267187945, 0.4608151822977618, 0.5975647701732556, 0.9758503017831189, 0.6673491692592498, 1.1471883334853044, 0.45886012335195697, 0.9259284996626405, 1.6850095375144243, 1.0092891509505206, 0.5417719170699812, 2.1558808640588136, 0.48866817473704827, 1.040606175052337, 0.7447709156655247, 0.4165430886911361, 1.2271995340657034, 0.7609604219599202, 0.8575019512448022, 0.5578858982285498, 0.48925720647090537, 0.9045215576361004, 0.8973107509062709, 0.7499442348122581, 0.5275975279684461, 0.655234146400018, 0.4067470962606429, 0.973989199954944, 0.6898414624325376, 0.30319693617386706, 1.8650718404928088, 0.7314695508976071, 0.6942459049099333, 0.8965402086368545, 0.3804566341905901, 1.6871949416494445, 0.9709582052318033, 0.534209359304503, 0.5835787792837671, 0.7448698816581204, 1.2892771222041368, 0.25380740233159416, 0.9078279869168123, 0.8221604143806864, 1.1498054571262604, 0.38526621120135285, 0.3997076629511797, 1.1691825883919973, 1.2019572284897633, 0.45554953988664715, 0.3112398340558583, 0.33875206479917386, 1.436872790019114, 0.30609248717188076, 0.898588009608628, 0.7077552166179498, 0.3802818353220942, 0.6553330740544945, 0.5159542509224105, 0.42517931849170276, 0.23543206031067726, 0.36958118874590984, 0.449237248258564, 1.01356929726629, 0.639366012610899, 1.8823485709931738, 1.208146605708888, 1.5229404096223846, 0.4181918969442561, 0.8854615363452434, 0.9548812061752953, 1.0529677401352013, 1.7096286845172393, 0.5381648936236725, 1.716122343283075, 1.0038140774091846, 0.5209859070350673, 0.6495396339310151, 2.040521807692135, 0.8358782533830711, 0.335616978976954, 0.6167610531586359, 0.4316289369892934, 0.8115185260508808, 1.18947155082868, 0.44369661995791243, 0.7533986236140098, 0.8578238768153041, 1.0671714562135435, 0.9321192534881452, 0.6504299112579001, 0.3703071588232259, 0.3554326949927154, 0.5898277958504765, 0.31767022329319, 0.45799384179824265, 0.1842808562422039, 2.2850214440513206, 0.42824771353209573, 0.8119861412033815, 0.8141708278633849, 1.5223238069538598, 0.3358093951719799, 0.8072719595233008, 0.5616347336611549, 0.7148002433400663, 0.5445915214517231, 0.38647468653678696, 1.2322400071460116, 0.5860159678525133, 0.6391792522339573, 2.6598912183367154, 0.8853066104018561, 0.8828635010207673, 0.35559091019572453, 0.4425183022944673, 0.6141854652551413, 1.4598170792183396, 1.9128545571728974, 0.8515888010565523, 0.3069840610281382, 0.6897640441864292, 0.11656915657815033, 1.439074855889925, 1.7323413234218137, 0.5671618352933477, 0.3974021824062076, 0.7607905073469553, 0.5378265281253687, 0.5166247082065456, 0.3690610841867941, 0.4250060594236063, 0.38557347365933214, 1.3739377986223043, 1.4978714361377152, 0.4581643061878168, 0.5108241213408778, 0.48726466364488497, 0.37976065832758726, 2.079375560842147, 0.25796786578117636, 0.24429772082624232, 0.39836469903351707, 0.46065077145545635, 0.5124898863680625, 0.32981854926183524, 1.2182472460171665, 0.28189458014764296, 1.7691313586648576, 0.49935423533007534, 1.1302938871026649, 1.1312499959786084, 0.7334224192544614, 1.2053253209851331, 0.3686700958908108, 0.5082331843830203, 0.502172864865527, 0.8848591098884165, 1.220398498817212, 0.829833980356957, 0.6274539797114351, 2.1337901937579375, 1.6641663336415136]

lr cf: mean0.11468349641496671, sd: 0.15134672210090455
[0.05818038424680712, 0.7331479608662751, 0.003702816832414629, 0.040253742002460506, 0.03467092587646458, 0.06870884525537134, 0.22068366853085022, 0.1522003050560497, 0.04310511204126454, 0.000663312941621471, 0.0005420802788163251, 0.15967707650387936, 0.1602913726321058, 0.019729826785629248, 0.04856502689628837, 0.0021536790718268014, 0.061020132429132165, 0.03148458333431308, 0.37556701389269953, 0.045268087618072765, 0.09662952983691127, 0.029212295608878235, 0.0578232392391191, 0.012619713312367862, 0.06195465771159575, 0.006797344757739182, 0.04994414602376494, 0.020318747866049446, 0.5716921140711929, 0.03319153047841561, 0.09698094357632851, 0.33206898104616295, 0.06480786397026496, 0.0039647156558692215, 0.009559656485972439, 0.044306654809979744, 0.003758640686690622, 0.0500494854204034, 0.08652104968148228, 0.0017836156153814013, 0.00021723250051010982, 0.022241922676253106, 0.11815352629586326, 0.006307924973583021, 0.049523346909219224, 0.21157798358816446, 0.11628245204555038, 0.0494748320180489, 0.6383088231592571, 0.29245302921637717, 0.0032163009874464988, 0.06798333759585586, 0.44174860708632413, 0.03384562212451506, 0.09271792338682641, 0.0037859915085510657, 0.045598587886231376, 0.2846226770585329, 0.008090133829562859, 0.04365009975437076, 0.07231330453502686, 0.09978008248805717, 0.0003768353227452281, 0.06807457816796318, 0.007710364048024669, 0.032360626607180934, 0.08899048545471283, 0.03497156174806382, 0.06868034208874298, 0.04561262473289953, 0.062062390151352544, 0.49537764737857676, 0.19349849844172115, 0.011380576324718294, 0.0015401422392698782, 0.23884323035745728, 0.024709640057401967, 0.647527489551038, 0.14918107055638585, 0.49934344601808933, 0.05046325182236078, 0.03927029724138404, 0.05171497064200813, 0.03668630964776699, 0.6366391319258775, 0.05179220213667857, 0.19358445917908523, 0.01859558340684267, 0.0343371359976248, 0.03702740903989189, 0.19097357164497863, 0.055898709605224854, 0.05184542926450446, 0.25457044702333137, 0.0010845578652488917, 0.018217762798048286, 0.028056274962616753, 0.017226193975940416, 0.201379089487302, 0.07559169402938803, 0.35992685265217955, 0.0007976224684689916, 0.13306300013657932, 0.15749540838850085, 0.4707391865720656, 0.02720169309964805, 0.057325556557917184, 0.5568641205726975, 0.017620124319855584, 0.06720688246539581, 0.04868204074006498, 0.15722447763002034, 0.05619166414430204, 0.007053221846007731, 0.38916415510448404, 0.43414831552914135, 0.05050985150518891, 0.11341956109753912, 0.013892317431821111, 0.5095378680640136, 0.05184765419150517, 0.10168657337347542, 0.0444044394960825, 0.2686950031257741, 0.05621278701428013, 0.0044891803047147185, 0.0521934087736142, 0.1108886357450397, 0.0100086284877517, 0.02686450011271128, 0.2037302334372364, 0.027018838143843548, 0.0709739127972851, 0.028621483350769496, 0.03718612112991079, 0.011599787332620428, 0.0004220464592357776, 0.08152611211973837, 0.01857487839416832, 0.019597007769309584, 0.09486016263509947, 0.05364884083478628, 0.1517941288268491, 0.03158392782217456, 0.027529650771597663, 0.17458364062011672, 0.06212232860484102, 0.022921147873643903, 0.030837234877247686, 0.14409557666854494, 0.011398052333890654, 0.0013137152354740103, 0.03630517631321939, 0.11916630590115568, 0.0018096029433454937, 0.09791525578235959, 0.05138026186750439, 0.4223976833923665, 0.1611142556814384, 0.04083955221388294, 0.22089112411290585, 0.05410556089709481, 0.15198490019606284, 0.17122899851959117, 0.6442318309858918, 0.05378326489114932, 0.028202608947880067, 0.3448025519181595, 0.002647512761379162, 0.02648330811815552, 0.41820790172889044, 0.025954834716993763, 0.024810495661038247, 0.0964610664026265, 0.027424680841784094, 0.1374980662101497, 0.0678804929777063, 0.06094907894641884, 0.016988241592378647, 0.0728422620625703, 0.024365656940772962, 0.03871403500705345, 0.23370652668127898, 0.05309244791708821, 0.023005911853941432, 0.049329520940766154, 0.09082082272498351, 0.2461876190778669, 0.14795237874156797, 0.041241478000656494, 0.0789578218788333, 0.4415660048219849]

feature LR FEATURE: mean0.18787720299704427, sd: 0.20635775223943456
[0.46072049349054267, 0.8877383366788545, 0.6929695403330175, 0.024362736589824897, 0.07360773565893387, 0.05884746032499339, 0.4194160758014267, 0.09012819774056553, 0.06871609772608657, 0.02200558506747139, 0.03525112763498483, 0.17235238645499437, 0.11803439610853012, 0.16388019632230533, 0.015481579487201698, 0.04101439567794955, 0.15039683441970805, 0.08812465689096327, 0.6483475498388257, 0.1676806991273124, 0.33659422006490114, 0.052794988760999126, 0.04032216958009992, 0.08093850133833647, 0.012168971948754614, 0.1225308963311709, 0.06573275315871763, 0.13821365255676119, 0.6791593116090452, 0.1086554070990256, 0.2545565823855484, 0.02293328853661162, 0.11611264381763882, 0.031212363609260007, 0.3016749232461453, 0.04059295368638332, 0.06386763104460709, 0.16117034305803454, 0.04330978566070697, 0.017384572633345422, 0.017477906460001025, 0.015454935195635129, 0.49028475110492925, 0.022351793596271503, 0.10591724405152156, 0.5816833633691794, 0.017780098219143465, 0.2647457018191823, 0.6310658334452862, 0.14847651383576316, 0.06975123309220134, 0.2573147480469498, 0.45156384351892526, 0.15335102476694007, 0.03727995489555068, 0.029577312383990008, 0.1483071615473485, 0.6339245491591669, 0.03787323014641903, 0.33678627194797534, 0.15408433256600376, 0.6408246399064838, 0.01748037219608739, 0.08108304944510855, 0.07631376459122483, 0.12121585460586397, 0.13613589740381338, 0.024176924193603865, 0.04659628254123647, 0.03927829851183471, 0.04410365845392566, 0.3081173659873975, 0.3237498010331167, 0.012831767124998325, 0.01363459718015753, 0.024768040361382936, 0.2402186740210171, 0.4951572396817271, 0.8440999287168318, 0.3825358751207977, 0.025647173201241335, 0.14572020018778226, 0.23472378290162127, 0.053561504541129276, 0.651543203971326, 0.12368584540459995, 0.2905316958591266, 0.03188231402376288, 0.011223524868714379, 0.12008261544511366, 0.11403550677640005, 0.5432710517175137, 0.07041960295528867, 0.05725065246542989, 0.03881298466906402, 0.03903436453287325, 0.05726627000796644, 0.03566339717250717, 0.40063272633314545, 0.3823265359116345, 0.4671178522156603, 0.012693355071351383, 0.13572230094837354, 0.2902209924868104, 0.018103418452007032, 0.09424835460419606, 0.10356358110640936, 0.7941959162027343, 0.12860204980734824, 0.04386660346783153, 0.07457948820659745, 0.18720501938987483, 0.25124291358005807, 0.4103120855919409, 0.4096487475384157, 0.6337988097973104, 0.1763773046684207, 0.2890516706789091, 0.05577351548686258, 0.6553580565787139, 0.03733496221899162, 0.2585041915176019, 0.06629220619382326, 0.16384907903632398, 0.06483152903537985, 0.0822721086167747, 0.07675824038035825, 0.13899406258139266, 0.02866753752679269, 0.07380126296987354, 0.25880463075587395, 0.06334103056835376, 0.5259795498413625, 0.06856188450113118, 0.02464872848630008, 0.023774086654241786, 0.023070370905920852, 0.2151098469332425, 0.04704395871134132, 0.008889991119961227, 0.4885720906320622, 0.17179616755107097, 0.8720132550854437, 0.049323601534722504, 0.04075581456151508, 0.16165403076125218, 0.2907971146589276, 0.002110671064520448, 0.023566480295434386, 0.05358250198469256, 0.14771657697610333, 0.0248620159884043, 0.017985063598889073, 0.33190763835011955, 0.02789159945161978, 0.06876731896658177, 0.07303700204297782, 0.4443680467541169, 0.2876969079030113, 0.13188990484364996, 0.18930796007726336, 0.08260241086257103, 0.06033091548525943, 0.02868900550647601, 0.7089079452466343, 0.11348254965345743, 0.08886786156263052, 0.5386643460168596, 0.015613786324268906, 0.06405465436187167, 0.48903218766362655, 0.14443002949723713, 0.03676192170140148, 0.1290185067744909, 0.0822885660775446, 0.1379073497255369, 0.17490099271831322, 0.008841752354909986, 0.0434763659240072, 0.09408666998486842, 0.09567744039284558, 0.04971624244930233, 0.6092251552249652, 0.03184023675429661, 0.03703221670629563, 0.17817572529938364, 0.1527437337441553, 0.41960160810527747, 0.01894601733421471, 0.28578566744293893, 0.12462030382371281, 0.6515969245040848]

feature MB safe: mean4.723416711786835, sd: 3.5212044697929397
[2.1641119362768553, 3.230537582534427, 1.9048929727266142, 12.6201084949743, 3.2017644514867083, 2.812623495574127, 3.3951709743891536, 3.9063536172473614, 2.7645422162977273, 8.772245187698308, 14.437291641742593, 5.816581429170949, 4.982629521654442, 3.4728644701390907, 3.717604881995728, 11.704843431314785, 7.635513052292271, 3.5408781656555033, 1.7677458193854276, 3.6669416583087022, 4.103031590749745, 4.114962704590589, 3.445810425017991, 3.12172356804144, 4.239530490560143, 3.897594947939652, 2.3969084083771617, 3.1438882891953233, 3.2630701357037024, 6.8493959731927845, 3.9294347680809607, 3.7567145271993065, 7.682916050308403, 12.377169154913993, 4.289164594696577, 3.829653181196357, 7.737355713192028, 2.5614470485433207, 12.110941321468877, 6.261645506850791, 2.6725415391975718, 4.014183217619162, 5.181818597213884, 10.14064002667593, 3.416782901214924, 3.6997307319230637, 12.972733793295873, 2.5737329265665476, 1.9071574861156397, 4.1603739765900505, 9.808296978571319, 2.535925215156674, 4.419443939061797, 8.345418434930162, 4.531168060554052, 19.647676279076162, 3.731366493005267, 2.0739472872651086, 14.154187160061504, 4.939204109409331, 7.149292311064929, 1.2688722406800161, 15.7703806109955, 0.8265792554198556, 7.056069263657532, 2.424472735744759, 7.984940696803853, 4.756337374553623, 0.7154637720729571, 4.582553921922423, 7.6757200576120725, 3.619567099730147, 2.1291346405409386, 5.9876513720584965, 6.625184278469558, 5.122608797572878, 2.800136085742691, 4.242878836006416, 4.869805045371855, 4.266170644981437, 3.7560477979933484, 2.6588962976025017, 6.8666098541134355, 3.488018752542648, 4.455302050505883, 3.140129124914956, 2.0436652576012553, 3.6478949954998643, 2.222114826272954, 3.0951383890279858, 2.500996086677247, 3.63196293419457, 3.362726741390609, 4.119527536750318, 0.2218357547972277, 4.20215972807339, 5.674425146939576, 3.3861436933065496, 2.4878432139694504, 2.318930178695102, 2.4488867382123307, 7.741619405238135, 2.4914326586099063, 6.364140741931406, 2.0973323848751293, 3.5256861013449265, 2.735695102495558, 2.4337311501620333, 4.738857393860958, 3.539716293408104, 3.5317489711077092, 13.442577326493035, 4.993912773741843, 1.8661369052587544, 8.987685710190016, 3.950296968494637, 5.3677551766638505, 5.294026451493408, 3.6568556852866547, 3.562716588418007, 3.3161349070076054, 3.2454104573144127, 2.979653741588338, 8.140380676462767, 3.3620290191022733, 4.423753214403353, 0.8592123149794603, 1.1884789858271563, 5.687218891265654, 3.5679680303326444, 2.96206931564689, 2.878357367336605, 3.5160496082113353, 4.127419111983753, 3.0682834934714083, 8.14978209795726, 14.982713915825467, 3.700494549923927, 4.151222871392838, 14.206083466455457, 1.953083495273506, 4.042244509270759, 2.5448737654184437, 3.483658049572424, 5.122041908973741, 5.890777627552076, 3.3013253757592604, 4.83837307796871, 4.08927715514338, 1.8054056612136544, 6.288874185002819, 10.874292970115931, 10.171703069239104, 2.5328762468246984, 10.696013236994395, 3.301556422234388, 3.7623660640170185, 4.647503038109146, 4.501674405300416, 0.5768106879787898, 3.7612515862022278, 2.283822808258378, 3.0328443800498333, 1.9949662277600992, 2.2006745523645805, 26.73239724464043, 2.799714927358874, 3.5990354285282775, 0.5036020086275745, 3.2120489527485208, 1.5467054657276713, 3.178484441807657, 3.4387727884084582, 2.9250694870144565, 3.0640771928394788, 3.430997555639484, 3.9987718978901974, 4.178410513663404, 3.6084002125636125, 3.1008974521216017, 4.055893519800199, 3.924343796327735, 2.5584620499270923, 3.4791950541674797, 3.3061310081530824, 2.5760607386525867, 1.5273619170832753, 3.489815512287202, 4.238967238875944, 2.8116657835331114, 3.29651015993319, 2.624279288319769]

feature MB pred: mean2.8746551831855602, sd: 3.0948980163938087
[1.3312285999293825, 1.7795331021277911, 0.27944238680159883, 1.305527750940095, 1.0448206326871565, 2.1503688049547143, 2.1030165182222667, 0.5314056575602032, 4.796627494271826, 1.964591759428745, 6.797258129473742, 0.6518266285733539, 4.097272030875387, 0.6676338747127415, 0.721660605115683, 9.143353602424533, 3.5998848893075124, 1.0333676071609317, 1.89307359195652, 0.7004274247456054, 1.5003966532613997, 0.6645494692869595, 1.5460320451095784, 5.553880417191576, 2.121477686905736, 0.309735600931798, 6.260962751596447, 5.488921545116798, 3.407489998305175, 2.0792173279846704, 3.1862398614816274, 1.6669972767763999, 3.2615166897306507, 0.8718160742619279, 2.005546686572458, 1.017262726780923, 2.223716926478666, 1.5117894187750291, 3.550731999175038, 0.1563059470280312, 11.959624866223159, 5.2297307820716865, 0.5144074112563168, 0.3451978875471283, 0.9069983694062537, 1.9531824057005571, 2.7864359378086547, 2.2254823578987732, 2.2056725887044237, 2.204199694402598, 4.682040155634878, 1.016641463382279, 1.8681424882923976, 1.3464129431180636, 1.7744293037744956, 3.703372303833275, 0.561114373460299, 0.4195036293608441, 2.2977476320765478, 0.7049351089543698, 0.2375369247450728, 1.724014079817813, 0.5835527131285981, 3.2969757846718877, 3.4476352073729117, 2.245968239326124, 10.77919072700479, 1.0028186786311806, 2.687481618214474, 10.147426594032341, 0.6322595725763271, 0.6768372561707371, 0.6414393134886252, 2.641508330265891, 6.048713710889362, 0.8546389667641878, 0.4661952010236491, 3.452135650524057, 0.9150419265427269, 2.9465466508307916, 0.9664675784194021, 1.5835480405966071, 1.3974806383738863, 3.476758449894373, 2.135735805384971, 0.5830946573981938, 1.6248210849814972, 2.089053979741358, 2.4843460760348965, 1.2864529384305283, 0.5709038922044783, 0.7232343497416218, 1.3692432058683117, 9.362081863089124, 11.00108843619811, 1.1012683995006307, 1.2950226412187051, 2.345224834548385, 0.9111124790569295, 1.431865777704317, 3.633198240854902, 27.467007279076178, 0.40703710525331044, 2.4311075571608853, 3.212379658929844, 1.2864774061664024, 3.2488496679820957, 1.64742411227716, 4.978455629180003, 0.8178386907827055, 0.9028283267497669, 7.106675724733771, 2.110487979739747, 0.9573244957326814, 6.732326583241406, 4.439295594685567, 3.8131493853904446, 3.4146977069583455, 4.484669632549495, 3.910514253103873, 1.400419704454767, 0.7465828248065935, 1.328193937144741, 5.323530330898186, 1.443077548151735, 0.8382410607875108, 6.550669141094571, 1.4180065909882538, 1.702492096600259, 2.626896421605457, 1.3100081170042448, 1.791805089752187, 1.9664742047389132, 1.394222358774328, 1.2555723750232557, 9.403112403419438, 1.9922668517281616, 3.7410880411813414, 3.3131746916405924, 11.792338737089748, 2.1744108602710206, 2.194816547369165, 0.8038132214435377, 1.2590391269484988, 2.2979579465426707, 6.9622653132166, 2.771023128840251, 6.492072307368288, 4.848571490229301, 1.556026334995189, 4.7357434031864605, 7.083183454996143, 1.0599047173818663, 1.0268264843968786, 2.8567779956628967, 3.2322692102433384, 1.3017247190964263, 6.441494807377954, 3.474633781252332, 2.5746436135287505, 4.3132863323066974, 3.5310608583612138, 2.0038642602293026, 3.2177425853050328, 3.9314615187161923, 6.265733940365875, 1.5218818380994015, 2.8491255759149565, 13.937984258100647, 2.00800060758083, 1.5328167158557562, 1.0424310261002354, 1.4411304267260394, 1.257557215963234, 1.077160998676322, 0.601607451970845, 2.143910397098264, 12.406093652292231, 2.7343081695011833, 2.3892248188521337, 0.4846656845587425, 2.4423023235895776, 4.12438424758169, 1.150103457443307, 1.5751734173755734, 2.7135642126316384, 0.7440481569124325, 0.8404368527656302, 3.4628763429885816, 0.775192976078382, 1.138800422792847, 1.9398462357767954]

rew change: mean0.5931105777750965, sd: 0.511324457758414
[0.05425156535366698, 0.6932436873011825, 2.376146844288953, 0.8787190900907811, 0.6417037317928084, 0.48910247050965566, 1.408232859360995, 1.0593417105997636, 0.9263011184399439, 1.1668743561616801, 0.8757337648349739, 0.4574181896255101, 0.312755591180999, 2.2409258138953514, 0.8002201723046736, 0.8441986153326533, 0.6556246938565239, 0.2803036096362006, -0.4271387419075276, 0.34935470058121026, 0.49550575945801106, 0.7979257531156071, 0.32504437623906496, 0.21344580585777273, 0.5509226302739008, 0.510240081385795, 1.0651496101488365, -0.22410599560949476, 0.7394980771625039, 0.4918844098158616, 0.6980120155201135, 1.2345096187937579, 1.0772753728923523, 0.041366616944681744, 0.5004915397083337, 0.6104981111498107, 0.2856588917314575, 0.8223969613003382, 0.6847223944357004, 0.8217015320273972, 0.7723736843930773, 0.7071108868679966, 0.7063320371004054, 0.9606714325809098, 0.49425582073850155, 0.355424648944925, 0.769087130786893, 2.0760388481018968, -0.09075923103047552, 0.6251098429048473, 0.6395527998387854, 0.7208310356072176, 0.8597918264951427, 0.5653384304407535, 0.5785947835713552, 0.4192581954927244, 0.7493169083567018, 1.1309534063112403, 0.5541983312587868, 0.5218575404661303, -0.06721894604734555, 0.445223301285337, 0.8439504551497626, -1.5077101381125058, 0.7651971803797999, -0.2790085192465356, 0.25098688248920653, 0.4897629768529017, 0.6915179593594754, 0.5641966358200219, 0.8963260650016548, -0.21217958954588176, 0.441378499303931, 0.7871077982416627, -0.6669901959243726, 0.7899101497365879, 1.3016696556741247, 0.5886878361168926, 0.28381714486195275, 0.45886099174215855, 0.6575317368597366, 0.43784717203302465, 0.1833065455154221, 1.0958227042053637, 1.1636349247611095, -0.6857966900130111, -0.7454224228687621, 0.6132921661942704, 1.4739107844077162, 0.6898318543151732, 1.0548213621827207, 0.4630917517217695, 0.44245465082056623, 0.6661151504132184, 0.14749063586575623, 0.8046171240991917, 0.5123100516210053, 0.4210031075374855, -0.34942442423695197, 0.24445044242358746, 0.045749934604764765, -0.35578374987553524, 0.7945909827747952, 0.035802289759833725, 1.2582887399209106, 0.5581726659599949, 0.45757115110451785, 1.1300268809772072, 1.4868031103918926, 0.6544988028072205, 0.2813144422178164, 0.6847345855636497, 0.20486422316047145, 1.4153136169485698, 0.30735364196541354, 0.6669571374440013, 1.1061029028156655, 0.8745619154504207, 0.8635899591112829, 1.0192943889625927, 0.3069703905209314, 0.43199901895802223, 0.6267006990918557, 0.6291127533769332, 0.6328890236723727, 1.6374943917287856, 0.5907026963568988, 0.48004686996060025, 0.7980736752997781, 0.8609327906879594, 0.348775873346288, 0.7306926368305742, -0.1325646443239103, 0.4755826600573343, 0.7346101459291988, 0.4174046385440405, 0.6473041406975287, 0.2539844253963957, 0.4099069214482559, 0.4773223480159597, 0.8712720600705952, 0.5488651121668626, 0.5624548677381583, 0.37767700730182174, 1.0514510389934753, 0.39812569651249213, 0.5567931668517196, 0.5836322773917564, 0.4009472273636205, 0.5938904985600938, 1.322746824204518, 1.1931992427071967, 0.24996805321311416, -0.057495244063832544, 0.423346257302656, 1.1938797014140232, 0.24669878068006523, 0.5386671643734282, 1.0844138192135928, 1.9885010120524138, -0.179584896642129, 0.26067065703251513, 1.114285769579123, 0.42345656692401284, 0.1818743896459046, 0.8811067207698609, 0.6329293120475952, 0.049696871312145154, 1.2602697768798534, 0.6560723654021963, 0.5793012557458913, 0.5411150876696535, 0.3999671304572406, 0.5703846234302352, 0.44839522927295494, 0.20491680093799206, -0.5945898771013829, 0.521840500663547, 0.6125866889457954, 1.7303822681193388, 0.3125722630043554, 0.5572845790425625, 1.446270803022804, 0.7350830065871813, 0.02153091875163656, 0.6334029592896284, 0.7728047796422716, 1.0378746299171198, 0.6327795491269749, 0.8070792053482965, 0.39048795307615997, -0.8389711326087145]

pre change: mean-0.15945140168878488, sd: 0.6726234052582258
[-0.5435317709744728, -0.02510757411351595, -0.46191030873745026, -0.22251772016939267, 0.18687032824856173, -0.23761016868222917, -0.6315300634619897, -0.6371616894215199, -0.9547320070950077, -0.6662470478123316, 0.3588694557506585, -0.3811496208370331, 0.8376194501073917, 0.8723650583205148, 0.3458939754826621, 0.5094743659374761, 0.026287626717831317, -0.03173779484876402, -0.5508811928495302, -0.9172727781786753, -0.702811551213468, 1.377425561596908, -0.14422881531502602, 0.12212128461622661, 0.771788457967488, 0.605469681229076, -0.6430688971755733, -0.6232511032631395, -0.6936575545065504, -1.167806713727418, -0.21043340309088024, 0.5074768737378841, 0.41816492145939216, -1.1658707831690274, -0.1541050182825603, -0.4698642804474139, -0.41043203890045205, -0.623771895326172, 0.09188799312681441, 0.8965983725311168, 0.37220860457850546, -1.0766012105596212, 0.9336331953047764, -0.16834514153383637, 0.5319057328370086, 0.2805375533003161, 0.6664585597571917, 1.1115507661473312, -0.8896372717174997, -0.10220124342525683, 0.6175854408523348, 0.2871085519541989, 0.6346730157001128, -0.07012162924036329, -1.2145989584786623, 0.35768290118237345, -0.9718481262174153, 0.6945819344580005, -0.3944994852358907, 0.8436535647888328, -1.6927699769363727, -0.34753916047158934, -0.15497568345884954, -1.370788573382625, 0.1019173116812265, -0.6366511270310377, -0.6610454995318995, -0.44086059822785245, -1.870186210695135, -0.12121918447449068, -0.7243693847148549, -0.6591616807879013, 0.37094556868973255, 0.7090550496443628, -1.9618340121923332, 1.4815127402587638, 1.6116764663002714, -0.20768131166020545, -1.1677227080018961, -0.022937575387920354, -0.507284750269399, 0.0345811232278594, 0.15645845703469188, 0.5066363340533808, 0.4919657900364628, -1.0270421461524937, 0.14057252399540682, -0.13972129050839516, -1.5033645067521018, 0.279770616141795, -1.0885725209556794, -0.8017537116925355, -0.37884500402894994, -0.02503243063030111, -0.6363036247870454, 0.23177580841016343, -0.04063701418274725, -0.22210254870465604, -1.0874689118474314, -0.4918500051585734, 0.586523959564164, -0.02852096817325505, -0.5789966783866024, -1.0212634604039756, -0.1990202675325858, -0.37220192355073084, -0.43902509366379905, -0.0671612385390764, -1.1261260819421441, 0.4356626845892359, 0.4653318261836341, 0.5151566563526093, -0.1767696688177893, 0.5539719699149942, -1.7303592982954605, 0.16264962102386804, -0.08281369325929151, -0.12793621002373998, -0.23346560327597324, 0.47967205334205887, 0.5892816185459601, -0.31995331500097907, -0.14206740531962664, -1.4100381805118138, -0.024616193377340063, 0.8288046706661463, 1.1085451395036776, -0.9515724057943856, -0.3343871152861699, -0.8019149151657055, 0.012348286836490169, -0.08784201688977349, -0.6599393465284294, 0.06287382260438779, 0.016340956151846105, -0.24208136643174305, -0.35443998648930336, -0.46555831293737987, -0.42987117921649853, -0.7277245919812465, 0.8145939696170758, -0.4242868491964435, -0.45907998625623603, 0.422770294871476, -0.51734983210651, -0.09834800575362362, -0.33562268090003167, 0.14506520524370914, -0.844414179391972, -0.4390919586905048, 0.9297441112509615, -0.6489835312493872, -0.5769695035891282, -0.4774826318401795, -0.0779271672319236, 0.6344786234183257, -0.22230667460853373, 0.029105352498326263, -0.7145354611009447, -0.6493585697657942, -0.759171213399906, 0.910042890734772, -0.9879483755721308, -1.549045665921193, 0.21329338880452986, 0.3684177182762182, -0.008955635883765859, -0.45906495098083566, 1.1980603743669058, 0.02841620009612409, 0.7481328671222345, -0.02323554364396859, 0.11597607678608157, 0.33630974400733066, 0.39269518220001814, -0.04706935582990777, -1.4019118933277694, -0.05086797647053299, 0.14814287512179844, 0.6755195064707858, 0.8915765345706945, 0.020078867496106795, 0.2719172557870403, -0.48145353564766447, -0.2911615131287373, -0.39459769435010394, -1.0258912639893254, 0.9994603457701903, -0.4145965631248363, -1.0418159470176036, -0.17448945248088216, -1.2214246513229685]

feature beta RFI rew: mean0.0015320517154933406, sd: 0.0005148036844478164
[0.0013093863784274348, 0.004092694087538247, 0.0005468121659104206, 0.0015316536103451464, 0.0015695752457395283, 0.0016305176999278598, 0.001472057360548331, 0.0015536272755903363, 0.0015414491975053964, 0.0018284538279908, 0.0020111668860941234, 0.0016804581878018352, 0.0022628549185524267, 0.0017721389687154361, 0.0011233129729163165, 0.0007800586924532492, 0.0013635555046004363, 0.0016044780759003818, 0.001637555828307697, 0.0016020026027157134, 0.001598166893299252, 0.0013538941182363695, 0.0015494252203174842, 0.0017570370723135476, 0.001413376469075825, 0.00152702940568564, 0.001498611481039833, 0.0014318381999709991, 0.0008928128790648883, 0.0013817455089936857, 0.001710293129191587, 0.0015311884455913442, 0.0014986629089522813, 0.0005918465980068043, 0.0013210539521907592, 0.0016580999439022178, 0.0014551743632953255, 0.0015799102314914349, 0.001567927601970984, 0.001257979450785725, 0.00034805386578143355, 0.0013527069100311867, 0.001358397539704641, 0.0011154609973151291, 0.001613566364873322, 0.0010758479283280132, 0.0014364526342820786, 0.0017509711949221154, 0.003738834101814631, 0.0016241866255345145, 0.0010164569007973343, 0.0013781421444952911, 0.001923847648799372, 0.0012008855735279956, 0.0012490489539389983, 0.0009927180655042223, 0.0014605820591714021, 0.0012321889889297076, 0.000995361459011361, 0.0011039532584749409, 0.002247226791605997, 0.0017519214963708741, 0.0019033290636219604, 0.002893678297328948, 0.0016917043833455658, 0.0014313233198439226, 0.0006800075314064865, 0.0015959531897088083, 0.0020233049770276568, 0.0015380878231907318, 0.0013924339807985144, 0.0013212201780518913, 0.0012119856918279394, 0.0015675687338940476, 0.00043507630933373306, 0.0015143437789074535, 0.002023862471299978, 0.0006319903010093726, 0.001287576691437157, 0.0010114889222220904, 0.0015354960252431128, 0.0013461107703604369, 0.001226425622166517, 0.0016629516585834842, 0.0017534864521009884, 0.001805649919534832, 0.0016594317007297859, 0.0015467533671860265, 0.0010847384107306262, 0.0014593433013031735, 0.001480908157026511, 0.0013716018399914064, 0.0015407823042805791, 0.0013858799115236806, 0.0015044373430369504, 0.001594827432896513, 0.001247633698558703, 0.0016449225714063014, 0.001430134613733682, 0.0016572672401705291, 0.0012903204630451055, 0.001870126583092018, 0.001520275550303249, 0.0016220694258308147, 0.0012411229824044064, 0.00154895479833058, 0.0017135582923168784, 0.0018385129546610334, 0.0012507118020528602, 0.0016600200785541986, 0.0015306816264556277, 0.0009512835269511209, 0.0014455139216413948, 0.0016384902159261973, 0.0013370963598786036, 0.0019635167438657336, 0.0014163439897147733, 0.0013466910175635785, 0.0015377998316255703, 0.0017325124525848395, 0.00159621455633758, 0.0016908843244640489, 0.0015077661888895112, 0.001110461376411887, 0.0015174659991161578, 0.0009446156685752479, 0.0012660239944677727, 0.0014781762143630962, 0.0015595290770677723, 0.0015557442590778538, 0.0013840366774261954, 0.0014849780892374229, 0.0016303545693789005, 0.0015301977071313128, 0.001714507395360247, 0.0014073419355045784, 0.001010887991329981, 0.0013656521050981545, 0.001572101975090062, 0.003823517705769041, 0.0012930066010845493, 0.0015586391528817913, 0.002097596309859909, 0.0016400217587787455, 0.0016630180132004046, 0.0012895418676412275, 0.001597187160454254, 0.0019986737139059507, 0.0013703100667488083, 0.0015757523874875775, 0.0013376789896132764, 0.0012260004025535086, 0.0015497826600742966, 0.0019697855718499887, 0.0013611680305420488, 0.001912248872316932, 0.001307880698180437, 0.001466594839713769, 0.001412493482598067, 0.0014184283971223296, 0.0015028010770926803, 0.001425749869030213, 0.0015460263296006695, 0.0015410240540934927, 0.0010143136971237233, 0.001178028703680479, 0.0016697299118436089, 0.0013334298879351476, 0.005243466563987007, 0.0017144398452011971, 0.0009431400978829644, 0.001649942329994844, 0.0015029707832867375, 0.0014810257432715445, 0.001520064678691056, 0.0013617287068576585, 0.001321306856817231, 0.001060706340514139, 0.0016576932065136781, 0.0013596777743726414, 0.0017667818590626897, 0.0018429312910054924, 0.001663009941693798, 0.0016469454225110907, 0.0015265553038017288, 0.0015284687916199222, 0.0020436512777978586, 0.0012172123456717135, 0.0015653952526977712, 0.0016012300231467047, 0.0013292232863206183, 0.0021929758691061952]

feature beta RFI pred: mean0.18244004246275972, sd: 0.28268699671169906
[0.05365298420262934, 1.3018411226432185e-05, 0.014316751914349099, 1.3649498045177462e-07, 0.20677345342564996, 0.0034558068334091135, 1.6832076573829603e-06, 0.0023038609137937924, 0.01597854769920755, 0.0010962181818871268, 0.0005327020424735592, 3.376722225383539e-05, 5.513828497846617e-08, 1.4224648220631187e-08, 0.18424718163263215, 9.229642951605189e-18, 3.534746274807036e-05, 0.21448509631568008, 0.009413646747699629, 0.3098449557946613, 0.8223654320933775, 0.006065756932076732, 0.254449920701889, 0.016162375473723414, 0.9274868085021153, 0.021568745876866947, 0.00011225812462343568, 2.1446403910239495e-09, 3.48384383430022e-12, 4.2471839396526665e-08, 0.021469678210091415, 0.00307061672742695, 3.0250116141955923e-05, 0.005554788374441087, 0.8699072126115053, 0.0743612100799948, 0.004056265168703174, 0.21547780479820236, 5.35837049246712e-07, 0.0007180081617603875, 3.961297791769465e-13, 0.054580983465667504, 5.088296736883297e-06, 0.014246885795946046, 0.47489853541381566, 0.7977710826126267, 8.413771802574312e-08, 1.9498200571937073e-06, 0.007771182983259771, 0.998269445320551, 1.4232156572744778e-06, 0.19844453598843037, 0.0005971807677660695, 5.069683534226689e-10, 0.9601737244195206, 1.1838920544942812e-14, 0.7186830605081431, 0.0009866898160972096, 5.770946715830594e-15, 0.658712598832025, 0.9224528860559666, 0.01240479145726987, 2.058739834613652e-05, 0.0021115643756923525, 0.011760529232994504, 0.3560605351922341, 1.3914702624127704e-13, 0.015295376182201755, 0.05888799441056627, 0.9208634556348533, 1.6586138662765485e-10, 0.00014257891795921431, 0.024035065681335815, 0.34817691896357517, 1.1657564946138116e-08, 0.9838949378435353, 0.018212100265714508, 4.66485867101766e-11, 0.96195903163206, 6.806139331809118e-08, 0.3445396403802659, 0.24240242544294338, 1.1825502658584807e-05, 0.35424535376242405, 3.217866596733411e-09, 0.016957067729184084, 0.10091582278978964, 0.5222190835885173, 0.0015425725065615402, 0.46285985680030867, 0.010122641311676934, 0.9021475007471066, 0.4610275152322413, 0.9982080116994575, 1.639703533571047e-06, 0.044959142905615715, 0.07250075187749619, 0.18411506856892987, 0.0025638001162384128, 0.2989141115200062, 0.2704917230898282, 3.0208133722793587e-23, 0.008845782254571189, 8.784739568295452e-05, 0.016436845517399493, 0.4733004503886085, 0.4733040626164319, 0.0063865226080621505, 0.0002354016554677647, 0.2704562210391759, 0.4026435903204743, 5.882599978882985e-15, 1.446739763700043e-07, 0.028187900438069277, 1.457689320062841e-17, 2.14963451226139e-06, 5.372890272705988e-07, 0.19526692669290802, 0.012601814745263982, 7.694670063408286e-13, 0.3894588735588749, 0.3700706836874797, 0.2911356428555734, 2.8026795987735375e-18, 0.30081429456284325, 3.652195719799369e-05, 9.02120348441443e-12, 0.10703448469944264, 0.19237843486942588, 0.259404552625559, 0.033466235065040095, 0.33635442991675746, 0.05856085377836999, 0.33528483741143966, 0.14228324689000513, 1.2128886009768132e-06, 5.0958230864674175e-08, 0.0006008082534616582, 0.810357472438676, 0.4002417215638924, 0.0034457695779084464, 0.8309716385159482, 0.00029250875852524134, 0.14331062884846069, 0.00643193099330636, 9.183989440634526e-16, 0.0012504094073459231, 0.917223995186934, 0.7648592209931685, 0.20924273689297734, 6.877630181637338e-09, 4.7346206082017164e-05, 2.6169682997101435e-06, 0.029673781363097264, 0.003748183219945732, 3.3022541606449424e-05, 0.23447674735017918, 2.371094619149777e-15, 6.395999522639877e-09, 0.00019271703361268267, 1.1394786714299448e-08, 0.022780732387346292, 0.015007442289449106, 0.4003811790148346, 5.124205538131505e-07, 1.8353822760024523e-21, 0.3069074518819552, 6.27429684419684e-07, 3.2462210874372983e-18, 0.498192704568285, 0.0033691472292508274, 0.2637126417309962, 0.16856791954611497, 0.3191596191563455, 0.1831316734471468, 0.010546299703766243, 2.9673699695145766e-07, 0.9911098397717619, 0.6158939287792283, 0.006245370629310886, 0.39741682089590535, 0.6746527187547544, 8.212056388805516e-06, 0.23931052098762212, 0.26419569336149695, 0.29714325754778304, 0.02973728435807748, 0.00011699296121639312, 0.924439780395518, 0.0001739180277395062, 0.255474558947423, 0.00915579020100748]

feature betas sticky: mean0.15806527811444782, sd: 0.5398797440958611
[-0.10364664832575056, 0.0294252942563438, 0.6165622417310767, -0.512756318551729, 0.09222112067018703, -0.641078597219421, -0.24864727459540936, -0.8793196849368428, 0.31922566221909604, -0.0941494254443062, 1.3908172344880583, 0.19876647752497242, 0.09577681655032154, -0.6112519668838997, -1.4551412783673723, 0.9988612357575265, 0.8396742777280685, 0.4390843711528188, -0.12768220406674055, -0.4689676803941318, -0.2632829730568271, 0.03879089530038321, -0.7861259310774953, 0.4449339890923496, 0.14702180690798036, 0.9382768595469139, -0.2905733051976577, 0.1683285562369121, 0.2828772181173026, 0.9029782490458909, 0.47150353264424283, 0.03812482554208072, 0.37582127007340543, 2.210112451791148, 0.7823365740449438, -0.6191243715532699, 0.8893003313939781, 0.5913780559937114, 0.2691460440912699, 0.17287189169457276, -0.21702610709380468, 0.35190797710971083, 0.7232479681446244, -0.24716129908568985, 0.14958769470225483, 0.5262281543884296, 0.2985061842553845, 0.00704031795359966, -0.12062792361729287, -0.280593216959135, -0.0737521527542939, 1.859974083778641, 0.8312555532218288, 0.32414533107865035, 0.6672371970224058, 0.14470172842324028, 0.4988956813159318, 0.011159869828889786, 0.4804699699961728, 0.3685053381392022, -0.47544561254050605, -0.032977614043781994, -0.24817461947433442, -0.9108827919722493, 0.2456816591442146, -0.17080077691828585, 0.22906090332219428, 0.13050304059869264, 0.09865107812130754, 0.8980030736596696, -0.08346260126073293, 0.17422125345772815, -0.7371202147550259, -0.3107775853403946, 0.7640709652277257, 0.13026170878750568, 0.2626125036291624, 0.2922819687660145, -0.4192940772808965, 0.906780753642212, -0.3171927819929777, -0.35319383707034147, -0.028768613844986492, 0.8838888372265354, 0.5304619562985077, 0.06573572928337462, 0.28842375470697335, -0.1573179326677695, -0.30118217930379976, 0.06311194602293281, 0.5235915537125235, -0.7762146133074085, -0.3974724938740555, 1.126403607263538, -0.02980047823672738, -0.04820100292684612, 1.6103297044797522, -1.3136881848433102, -0.05804483200145294, 0.14847189303413716, 0.40152558890113366, -0.4239951438156601, -0.1984407354917594, 0.6145241918488145, 0.2867893191738465, -0.47682337535171404, -0.05969949418377374, 0.2182169776523293, 0.22438897690212983, 0.6576923131566409, 0.37482183853812456, 0.003639134746141362, -0.2058841427047091, 0.6464197888036104, 0.037748862369831555, 0.794656938453656, 0.07432728245460599, 1.3102119922411763, 0.26224330852764144, -0.05108195056458058, -0.17108768489955314, -0.40093338842006976, 0.616642306390788, 0.30665212505265926, -0.6670678478340283, 0.5531937970403618, -0.1854253995715307, -0.16882255073151997, 0.22147231069624984, 1.7909332055275584, -0.1902956859766828, 1.0819558766709854, 0.732333917831495, -0.12669584026525618, 0.27694128048785077, 0.25800568772168986, 0.8530665526829054, 0.33880132517314876, 0.042020824251683075, 0.06474326040361338, -0.5458002946225131, 0.35192909939658945, 0.14655498314385276, -0.004316105847679873, -0.5515218081776115, 0.12596804950485663, 0.4921599127718387, 0.5904440564633914, 0.104708788267229, -0.0032075888992837425, 0.7115421954393611, -0.04480599140697377, 0.2533185269118336, -0.4827844189705798, -0.13743999084435293, -0.032830352650989096, -1.0895908136250245, 0.3932839232723253, -0.14179050069080915, -0.0058571933944475225, 0.45914066230555123, -0.10923611098405667, 0.5825902940873704, -0.6234992261307952, 0.2801888389288487, 0.08587844845158402, -0.8549009438203273, 0.6927426102960221, 0.15261062622989982, 1.0724557823245535, 0.007576007706589615, 0.32041068190416494, -0.18288710383044807, -0.17840070418669615, 0.41352114895695735, 0.36673796257011093, 0.030070561600975144, 0.45170263088866547, 0.26301212056659484, -0.3958867017035191, 0.5698421047628601, -0.5251575868193445, 0.4907504858385447, -0.04004800621556108, -0.3203305011512179, 0.40533771110602623, -0.07312206011765868, -0.1442551164060805, 0.9727681051281338, 0.4440360854470676, 0.20577567072724962, 0.5327216790788003]

feature LR VALUE: mean0.5503115682366536, sd: 0.21451869082301186
[0.38629421970432304, 0.44976862835772624, 0.37657019334508635, 0.44492139223311356, 0.44309659224675946, 0.7744565872884069, 0.689651256918642, 0.943890751308346, 0.6610026691797939, 0.7922902640045402, 0.6516195626917762, 0.7650694458883995, 0.7098970504267602, 0.2882269359371233, 0.8428958626206053, 0.4462103742695034, 0.6057915441470789, 0.847489426455032, 0.6090915801819279, 0.5895118099427183, 0.5723701111511104, 0.29572014644065875, 0.45973172582992033, 0.8270389908008288, 0.4938419207193998, 0.448071109746391, 0.5768647005239651, 0.37091788527809777, 0.3257751000300762, 0.6013043465896438, 0.4854333910109239, 0.8155404908482459, 0.1773994559444095, 0.15076140051156084, 0.6613691068465144, 0.27375135650470844, 0.7690486208273952, 0.6226461063702602, 0.4133575287931373, 0.5375229911547833, 0.09870829419884715, 0.595022453415235, 0.7678814176384456, 0.556649659967189, 0.6271079107049817, 0.30555370484105776, 0.45670095552566414, 0.8079672031126077, 0.7916305639809773, 0.6472284721758048, 0.15329135115078815, 0.8512780817477502, 0.7684892692914151, 0.15766456540259483, 0.1690064115360842, 0.38831188837632225, 0.9736737758684689, 0.799467637630395, 0.3810740149923288, 0.8627697485655494, 0.653222596854779, 0.555579723785616, 0.9236555513516608, 0.6106816770766236, 0.3064728228842318, 0.6987216029497799, 0.4679590577197702, 0.20111007953744964, 0.32226173524106755, 0.7982161861109667, 0.4206697249101537, 0.8070814989841095, 0.8013560584716944, 0.9031511656652105, 0.34987604816452555, 0.44111941506542157, 0.18794641658175265, 0.3461731536338661, 0.7201982211093494, 0.5624263905404695, 0.4029236908527331, 0.9357790425032493, 0.35578855957507044, 0.5593271417177845, 0.21473513629790564, 0.6122651087899218, 0.5837461319877308, 0.291793337950237, 0.16031488258232796, 0.4974631893053545, 0.5475968676508056, 0.48471667514352607, 0.375388104508793, 0.5139295273385451, 0.07836453522511078, 0.7118880649335032, 0.7880441918933206, 0.3582675706485776, 0.25514457151604725, 0.9572646856515786, 0.7119249001122351, 0.5602379858452126, 0.5265142544787756, 0.658803382004628, 0.7103153473447048, 0.37580306323328067, 0.544940735864259, 0.08629214629149333, 0.773606255020715, 0.31052306713350103, 0.7929250304447382, 0.3991608721723918, 0.8941020254831052, 0.2545062421571466, 0.2607562437848049, 0.746265529257885, 0.4669386636142734, 0.5639957276788116, 0.8949965693519994, 0.8093750293084805, 0.49428705711399995, 0.40966265228676113, 0.8045191079855304, 0.6561932072552884, 0.42052417744909837, 0.7465834998716785, 0.061367281626043275, 0.7729327720659978, 0.7411734387066788, 0.32979337578093126, 0.8919750141637021, 0.4443061839141102, 0.8595206906343253, 0.8006048435770761, 0.656866029480382, 0.28718213266469483, 0.3569652688530088, 0.34796671779378063, 0.5382001533600062, 0.5330187375113405, 0.9534132870693547, 0.49965841164655345, 0.8569339050634722, 0.779564801208997, 0.4036430744552667, 0.3372387962223795, 0.31018652577401734, 0.4909867955118976, 0.7936603308245733, 0.48383468635764637, 0.4821709037751809, 0.2454756009841938, 0.5068665972094237, 0.8062940717085657, 0.7531244317947376, 0.3596153256447807, 0.5571670815038826, 0.7434493167248012, 0.6420405773132419, 0.4694878654281111, 0.4710510358594299, 0.4956148868974395, 0.5558783393496899, 0.5335668662187463, 0.4994615951645662, 0.6337370300334126, 0.5496015467096113, 0.6249880613654772, 0.18934616354450326, 0.4915853870298714, 0.6863749201983604, 0.7191711908932633, 0.3389449238842232, 0.6795164470626077, 0.44526273374010766, 0.4985678904736727, 0.26133051502143023, 0.8497916029266134, 0.49785836825630886, 0.40266382415288793, 0.7668871571347753, 0.627325063257678, 0.35873892763821813, 0.39293495598940437, 0.7123157143506648, 0.4653699861146631, 0.7344679302796346, 0.5514999016949474, 0.31903181803535186, 0.5263547103708577, 0.9214564118484885, 0.7703772411398049]